6.000000E+00  1.093333E+03
6.099010E+00  1.125278E+03
6.198020E+00  1.157745E+03
6.297030E+00  1.190736E+03
6.396040E+00  1.224249E+03
6.495050E+00  1.258284E+03
6.594059E+00  1.292843E+03
6.693069E+00  1.327925E+03
6.792079E+00  1.363529E+03
6.891089E+00  1.399656E+03
6.990099E+00  1.436306E+03
7.089109E+00  1.473479E+03
7.188119E+00  1.511175E+03
7.287129E+00  1.549393E+03
7.386139E+00  1.588134E+03
7.485149E+00  1.627399E+03
7.584158E+00  1.667186E+03
7.683168E+00  1.707495E+03
7.782178E+00  1.748328E+03
7.881188E+00  1.789683E+03
7.980198E+00  1.831562E+03
8.079208E+00  1.873963E+03
8.178218E+00  1.916887E+03
8.277228E+00  1.960333E+03
8.376238E+00  2.004303E+03
8.475248E+00  2.048795E+03
8.574257E+00  2.093810E+03
8.673267E+00  2.139348E+03
8.772277E+00  2.185409E+03
8.871287E+00  2.231993E+03
8.970297E+00  2.279099E+03
9.069307E+00  2.326729E+03
9.168317E+00  2.374881E+03
9.267327E+00  2.423556E+03
9.366337E+00  2.472754E+03
9.465347E+00  2.522474E+03
9.564356E+00  2.572718E+03
9.663366E+00  2.623484E+03
9.762376E+00  2.674773E+03
9.861386E+00  2.726585E+03
9.960396E+00  2.778920E+03
1.005941E+01  2.831777E+03
1.015842E+01  2.885158E+03
1.025743E+01  2.939061E+03
1.035644E+01  2.993487E+03
1.045545E+01  3.048436E+03
1.055446E+01  3.103907E+03
1.065347E+01  3.159902E+03
1.075248E+01  3.216419E+03
1.085149E+01  3.273459E+03
1.095050E+01  3.331022E+03
1.104950E+01  3.389108E+03
1.114851E+01  3.447717E+03
1.124752E+01  3.506848E+03
1.134653E+01  3.566503E+03
1.144554E+01  3.626680E+03
1.154455E+01  3.687380E+03
1.164356E+01  3.748602E+03
1.174257E+01  3.810348E+03
1.184158E+01  3.872616E+03
1.194059E+01  3.935408E+03
1.203960E+01  3.998722E+03
1.213861E+01  4.062559E+03
1.223762E+01  4.126918E+03
1.233663E+01  4.191801E+03
1.243564E+01  4.257206E+03
1.253465E+01  4.323134E+03
1.263366E+01  4.389585E+03
1.273267E+01  4.456559E+03
1.283168E+01  4.524056E+03
1.293069E+01  4.592075E+03
1.302970E+01  4.660618E+03
1.312871E+01  4.729683E+03
1.322772E+01  4.799271E+03
1.332673E+01  4.869381E+03
1.342574E+01  4.940015E+03
1.352475E+01  5.011171E+03
1.362376E+01  5.082851E+03
1.372277E+01  5.155053E+03
1.382178E+01  5.227778E+03
1.392079E+01  5.301025E+03
1.401980E+01  5.374796E+03
1.411881E+01  5.449089E+03
1.421782E+01  5.523905E+03
1.431683E+01  5.599245E+03
1.441584E+01  5.675106E+03
1.451485E+01  5.751491E+03
1.461386E+01  5.828399E+03
1.471287E+01  5.905829E+03
1.481188E+01  5.983782E+03
1.491089E+01  6.062258E+03
1.500990E+01  6.141257E+03
1.510891E+01  6.220778E+03
1.520792E+01  6.300823E+03
1.530693E+01  6.381390E+03
1.540594E+01  6.462480E+03
1.550495E+01  6.544093E+03
1.560396E+01  6.626229E+03
1.570297E+01  6.708887E+03
1.580198E+01  6.792069E+03
1.590099E+01  6.875773E+03
