6.000000E+00  4.685714E+02
6.099010E+00  4.822620E+02
6.198020E+00  4.961766E+02
6.297030E+00  5.103152E+02
6.396040E+00  5.246780E+02
6.495050E+00  5.392648E+02
6.594059E+00  5.540757E+02
6.693069E+00  5.691106E+02
6.792079E+00  5.843696E+02
6.891089E+00  5.998527E+02
6.990099E+00  6.155598E+02
7.089109E+00  6.314910E+02
7.188119E+00  6.476463E+02
7.287129E+00  6.640257E+02
7.386139E+00  6.806291E+02
7.485149E+00  6.974566E+02
7.584158E+00  7.145081E+02
7.683168E+00  7.317837E+02
7.782178E+00  7.492834E+02
7.881188E+00  7.670072E+02
7.980198E+00  7.849550E+02
8.079208E+00  8.031269E+02
8.178218E+00  8.215228E+02
8.277228E+00  8.401428E+02
8.376238E+00  8.589869E+02
8.475248E+00  8.780551E+02
8.574257E+00  8.973473E+02
8.673267E+00  9.168636E+02
8.772277E+00  9.366040E+02
8.871287E+00  9.565684E+02
8.970297E+00  9.767569E+02
9.069307E+00  9.971695E+02
9.168317E+00  1.017806E+03
9.267327E+00  1.038667E+03
9.366337E+00  1.059752E+03
9.465347E+00  1.081060E+03
9.564356E+00  1.102593E+03
9.663366E+00  1.124350E+03
9.762376E+00  1.146331E+03
9.861386E+00  1.168536E+03
9.960396E+00  1.190966E+03
1.005941E+01  1.213619E+03
1.015842E+01  1.236496E+03
1.025743E+01  1.259598E+03
1.035644E+01  1.282923E+03
1.045545E+01  1.306472E+03
1.055446E+01  1.330246E+03
1.065347E+01  1.354244E+03
1.075248E+01  1.378465E+03
1.085149E+01  1.402911E+03
1.095050E+01  1.427581E+03
1.104950E+01  1.452475E+03
1.114851E+01  1.477593E+03
1.124752E+01  1.502935E+03
1.134653E+01  1.528501E+03
1.144554E+01  1.554291E+03
1.154455E+01  1.580306E+03
1.164356E+01  1.606544E+03
1.174257E+01  1.633006E+03
1.184158E+01  1.659693E+03
1.194059E+01  1.686603E+03
1.203960E+01  1.713738E+03
1.213861E+01  1.741097E+03
1.223762E+01  1.768679E+03
1.233663E+01  1.796486E+03
1.243564E+01  1.824517E+03
1.253465E+01  1.852772E+03
1.263366E+01  1.881251E+03
1.273267E+01  1.909954E+03
1.283168E+01  1.938881E+03
1.293069E+01  1.968032E+03
1.302970E+01  1.997408E+03
1.312871E+01  2.027007E+03
1.322772E+01  2.056830E+03
1.332673E+01  2.086878E+03
1.342574E+01  2.117149E+03
1.352475E+01  2.147645E+03
1.362376E+01  2.178365E+03
1.372277E+01  2.209308E+03
1.382178E+01  2.240476E+03
1.392079E+01  2.271868E+03
1.401980E+01  2.303484E+03
1.411881E+01  2.335324E+03
1.421782E+01  2.367388E+03
1.431683E+01  2.399676E+03
1.441584E+01  2.432188E+03
1.451485E+01  2.464925E+03
1.461386E+01  2.497885E+03
1.471287E+01  2.531070E+03
1.481188E+01  2.564478E+03
1.491089E+01  2.598111E+03
1.500990E+01  2.631967E+03
1.510891E+01  2.666048E+03
1.520792E+01  2.700353E+03
1.530693E+01  2.734881E+03
1.540594E+01  2.769634E+03
1.550495E+01  2.804611E+03
1.560396E+01  2.839812E+03
1.570297E+01  2.875237E+03
1.580198E+01  2.910887E+03
1.590099E+01  2.946760E+03
