6.000000E+00  2.400000E+02
6.099010E+00  2.470122E+02
6.198020E+00  2.541392E+02
6.297030E+00  2.613810E+02
6.396040E+00  2.687375E+02
6.495050E+00  2.762088E+02
6.594059E+00  2.837948E+02
6.693069E+00  2.914957E+02
6.792079E+00  2.993113E+02
6.891089E+00  3.072416E+02
6.990099E+00  3.152867E+02
7.089109E+00  3.234466E+02
7.188119E+00  3.317213E+02
7.287129E+00  3.401107E+02
7.386139E+00  3.486149E+02
7.485149E+00  3.572338E+02
7.584158E+00  3.659676E+02
7.683168E+00  3.748161E+02
7.782178E+00  3.837793E+02
7.881188E+00  3.928573E+02
7.980198E+00  4.020501E+02
8.079208E+00  4.113577E+02
8.178218E+00  4.207800E+02
8.277228E+00  4.303171E+02
8.376238E+00  4.399689E+02
8.475248E+00  4.497355E+02
8.574257E+00  4.596169E+02
8.673267E+00  4.696131E+02
8.772277E+00  4.797240E+02
8.871287E+00  4.899497E+02
8.970297E+00  5.002901E+02
9.069307E+00  5.107453E+02
9.168317E+00  5.213153E+02
9.267327E+00  5.320001E+02
9.366337E+00  5.427996E+02
9.465347E+00  5.537139E+02
9.564356E+00  5.647429E+02
9.663366E+00  5.758867E+02
9.762376E+00  5.871453E+02
9.861386E+00  5.985187E+02
9.960396E+00  6.100068E+02
1.005941E+01  6.216096E+02
1.015842E+01  6.333273E+02
1.025743E+01  6.451597E+02
1.035644E+01  6.571069E+02
1.045545E+01  6.691688E+02
1.055446E+01  6.813455E+02
1.065347E+01  6.936370E+02
1.075248E+01  7.060433E+02
1.085149E+01  7.185643E+02
1.095050E+01  7.312000E+02
1.104950E+01  7.439506E+02
1.114851E+01  7.568159E+02
1.124752E+01  7.697960E+02
1.134653E+01  7.828908E+02
1.144554E+01  7.961004E+02
1.154455E+01  8.094248E+02
1.164356E+01  8.228639E+02
1.174257E+01  8.364179E+02
1.184158E+01  8.500865E+02
1.194059E+01  8.638700E+02
1.203960E+01  8.777682E+02
1.213861E+01  8.917812E+02
1.223762E+01  9.059089E+02
1.233663E+01  9.201514E+02
1.243564E+01  9.345087E+02
1.253465E+01  9.489807E+02
1.263366E+01  9.635675E+02
1.273267E+01  9.782691E+02
1.283168E+01  9.930854E+02
1.293069E+01  1.008017E+03
1.302970E+01  1.023062E+03
1.312871E+01  1.038223E+03
1.322772E+01  1.053498E+03
1.332673E+01  1.068889E+03
1.342574E+01  1.084394E+03
1.352475E+01  1.100013E+03
1.362376E+01  1.115748E+03
1.372277E+01  1.131597E+03
1.382178E+01  1.147561E+03
1.392079E+01  1.163640E+03
1.401980E+01  1.179833E+03
1.411881E+01  1.196142E+03
1.421782E+01  1.212565E+03
1.431683E+01  1.229102E+03
1.441584E+01  1.245755E+03
1.451485E+01  1.262522E+03
1.461386E+01  1.279405E+03
1.471287E+01  1.296401E+03
1.481188E+01  1.313513E+03
1.491089E+01  1.330740E+03
1.500990E+01  1.348081E+03
1.510891E+01  1.365537E+03
1.520792E+01  1.383107E+03
1.530693E+01  1.400793E+03
1.540594E+01  1.418593E+03
1.550495E+01  1.436508E+03
1.560396E+01  1.454538E+03
1.570297E+01  1.472683E+03
1.580198E+01  1.490942E+03
1.590099E+01  1.509316E+03
